-0.000458
-0.000519
-0.000641
-0.000946
-0.001343
-0.001648
-0.001770
-0.001740
-0.001617
-0.001434
-0.001617
-0.001312
-0.001068
-0.000855
-0.000671
-0.000549
-0.000488
-0.000427
-0.000427
-0.000580
-0.002289
-0.002167
-0.002106
-0.001984
-0.001892
-0.001831
-0.001709
-0.001587
-0.001495
-0.001465
0.003693
0.003235
0.002777
0.002441
0.002380
0.002503
0.002777
0.003082
0.003418
0.003601
0.005890
0.005860
0.005707
0.005524
0.005310
0.005188
0.005097
0.005066
0.005097
0.005249
0.283547
0.280923
0.278481
0.275979
0.273476
0.270882
0.268136
0.265542
0.263161
0.260964
-0.564653
-0.558641
-0.554643
-0.553087
-0.553117
-0.552477
-0.549272
-0.543443
-0.537065
-0.532731
0.465865
0.492386
0.518113
0.542283
0.564348
0.583789
0.600055
0.612690
0.621265
0.625568
0.248177
0.255379
0.261757
0.267190
0.271889
0.276498
0.281472
0.286935
0.292489
0.298013
0.062441
0.056001
0.048555
0.041688
0.036409
0.032502
0.029359
0.026612
0.024201
0.022279
0.039338
0.039094
0.039247
0.039888
0.040986
0.042360
0.043855
0.045351
0.046968
0.048738
0.053743
0.055574
0.058657
0.062960
0.067995
0.073244
0.078127
0.082369
0.085818
0.088504
-0.540056
-0.527055
-0.514939
-0.503739
-0.493576
-0.484664
-0.477187
-0.471358
-0.467269
-0.464949
0.517716
0.535783
0.552385
0.567125
0.579821
0.590197
0.598102
0.603442
0.606098
0.606037
0.143071
0.141636
0.139683
0.137486
0.135319
0.133518
0.132206
0.131535
0.131626
0.132603
0.045320
0.043367
0.041200
0.038972
0.036805
0.034852
0.033082
0.031373
0.029756
0.028199
0.049745
0.049898
0.050386
0.051271
0.052553
0.054231
0.056246
0.058657
0.061342
0.064211
0.004517
0.010376
0.016053
0.021393
0.026337
0.030824
0.034852
0.038514
0.041871
0.044954
-0.502823
-0.498032
-0.494064
-0.490951
-0.488784
-0.487594
-0.487350
-0.488052
-0.489700
-0.492294
0.431471
0.438337
0.444624
0.450209
0.455061
0.459243
0.462844
0.466048
0.468917
0.471389
0.010926
0.009339
0.008087
0.007233
0.006928
0.007263
0.008423
0.010529
0.013764
0.018250
0.007569
0.009583
0.012360
0.015778
0.019715
0.024110
0.028901
0.033998
0.039399
0.045015
0.077151
0.076662
0.076235
0.076022
0.076174
0.076754
0.077731
0.079012
0.080416
0.081881
-0.087741
-0.080660
-0.074374
-0.068789
-0.063845
-0.059511
-0.055788
-0.052553
-0.049745
-0.047304
-0.486984
-0.487106
-0.486984
-0.486587
-0.485946
-0.485183
-0.484420
-0.483810
-0.483444
-0.483352
0.281350
0.286905
0.293161
0.300027
0.307505
0.315500
0.324015
0.333048
0.342509
0.352428
-0.083316
-0.084292
-0.084201
-0.082980
-0.080630
-0.077120
-0.072481
-0.066805
-0.060152
-0.052614
0.044527
0.048250
0.052309
0.056551
0.060884
0.065157
0.069399
0.073519
0.077486
0.081271
0.136448
0.136052
0.135197
0.133946
0.132359
0.130406
0.128086
0.125401
0.122410
0.119083
-0.232093
-0.222663
-0.213660
-0.205054
-0.196905
-0.189215
-0.182012
-0.175237
-0.168828
-0.162786
-0.398694
-0.405560
-0.411237
-0.415723
-0.419080
-0.421369
-0.422712
-0.423231
-0.423078
-0.422346
0.211463
0.216895
0.222755
0.229041
0.235664
0.242561
0.249611
0.256813
0.264168
0.271798
-0.052644
-0.054140
-0.055086
-0.055544
-0.055483
-0.054933
-0.053987
-0.052767
-0.051241
-0.049471
0.109348
0.111270
0.112980
0.114414
0.115543
0.116306
0.116672
0.116581
0.115909
0.114689
0.158727
0.158086
0.156774
0.154820
0.152379
0.149480
0.146031
0.142064
0.137577
0.132664
-0.374645
-0.367931
-0.361095
-0.354106
-0.346904
-0.339579
-0.332194
-0.324839
-0.317454
-0.310068
-0.190191
-0.201880
-0.212745
-0.222755
-0.231880
-0.240150
-0.247627
-0.254402
-0.260659
-0.266457
0.156377
0.160527
0.164953
0.169591
0.174413
0.179388
0.184454
0.189611
0.194800
0.199988
0.014344
0.008576
0.002869
-0.002716
-0.008240
-0.013703
-0.019044
-0.024171
-0.029084
-0.033723
0.154820
0.154698
0.153874
0.152318
0.150029
0.147099
0.143651
0.139836
0.135716
0.131321
0.126408
0.127476
0.127903
0.127720
0.126957
0.125736
0.124058
0.122013
0.119694
0.117069
-0.499954
-0.496841
-0.492996
-0.488388
-0.483108
-0.477096
-0.470473
-0.463271
-0.455672
-0.447676
0.034547
0.021577
0.009369
-0.002106
-0.013062
-0.023591
-0.033631
-0.043092
-0.051912
-0.060030
0.128361
0.128117
0.128117
0.128391
0.128788
0.129276
0.129917
0.130680
0.131626
0.132664
0.093051
0.086154
0.078768
0.070956
0.062685
0.054018
0.045106
0.036012
0.026917
0.017853
0.153478
0.155004
0.155950
0.156316
0.156194
0.155644
0.154729
0.153447
0.151830
0.149815
0.039674
0.041749
0.043703
0.045625
0.047548
0.049623
0.051881
0.054292
0.056825
0.059420
-0.560808
-0.561754
-0.561907
-0.561266
-0.559771
-0.557390
-0.554033
-0.549699
-0.544420
-0.538255
0.226051
0.218207
0.210761
0.203650
0.196844
0.190222
0.183782
0.177496
0.171331
0.165197
0.114048
0.113254
0.112247
0.111118
0.109867
0.108493
0.107028
0.105502
0.103946
0.102359
0.132817
0.129612
0.125828
0.121464
0.116550
0.111118
0.105228
0.098941
0.092257
0.085208
0.124760
0.126560
0.128361
0.130070
0.131779
0.133641
0.135685
0.137913
0.140141
0.142216
-0.066378
-0.062532
-0.058596
-0.054537
-0.050325
-0.045991
-0.041475
-0.036714
-0.031648
-0.026276
-0.523331
-0.527024
-0.529771
-0.531602
-0.532579
-0.532792
-0.532243
-0.530992
-0.529099
-0.526627
0.330271
0.328532
0.326853
0.325266
0.323801
0.322398
0.320963
0.319376
0.317484
0.315256
0.089755
0.091678
0.093081
0.093875
0.093936
0.093356
0.092196
0.090518
0.088321
0.085574
0.130039
0.131443
0.132603
0.133396
0.133641
0.133305
0.132420
0.131108
0.129368
0.127293
0.094272
0.095614
0.097262
0.099216
0.101505
0.104160
0.107212
0.110660
0.114475
0.118534
-0.196387
-0.190527
-0.184454
-0.178167
-0.171789
-0.165380
-0.158940
-0.152470
-0.145940
-0.139348
-0.346782
-0.356609
-0.365612
-0.373669
-0.380749
-0.387066
-0.392956
-0.398572
-0.404065
-0.409223
0.331065
0.335948
0.340526
0.344584
0.348064
0.350932
0.353252
0.355205
0.356822
0.358074
0.031007
0.036622
0.041810
0.046480
0.050630
0.054231
0.057222
0.059481
0.061037
0.061831
0.098575
0.099979
0.101566
0.103366
0.105380
0.107456
0.109470
0.111301
0.113041
0.114780
0.071230
0.071230
0.071566
0.072146
0.073031
0.074160
0.075625
0.077486
0.079775
0.082400
-0.306406
-0.300760
-0.294961
-0.289071
-0.283120
-0.277139
-0.271065
-0.264962
-0.258766
-0.252571
-0.064302
-0.075045
-0.085879
-0.096805
-0.107791
-0.118839
-0.129856
-0.140843
-0.151769
-0.162603
0.206000
0.215583
0.224982
0.234107
0.242927
0.251442
0.259529
0.267129
0.274209
0.280679
-0.039918
-0.035401
-0.031007
-0.026734
-0.022584
-0.018586
-0.014771
-0.011139
-0.007721
-0.004486
0.095035
0.093753
0.092593
0.091525
0.090548
0.089633
0.088900
0.088443
0.088321
0.088626
0.049776
0.049623
0.049501
0.049409
0.049348
0.049348
0.049501
0.049928
0.050630
0.051576
-0.375866
-0.372143
-0.368328
-0.364391
-0.360363
-0.356243
-0.352031
-0.347728
-0.343364
-0.339000
0.174383
0.169378
0.163884
0.157811
0.151128
0.143834
0.135960
0.127598
0.118625
0.108921
0.056429
0.064486
0.072604
0.080721
0.088809
0.096896
0.104892
0.112705
0.120334
0.127689
-0.053835
-0.054506
-0.055025
-0.055483
-0.055879
-0.056215
-0.056459
-0.056612
-0.056673
-0.056642
0.130039
0.125492
0.120945
0.116520
0.112186
0.107974
0.103977
0.100223
0.096713
0.093570
0.005707
0.006470
0.007233
0.007965
0.008728
0.009491
0.010315
0.011200
0.012177
0.013306
-0.395428
-0.392712
-0.390027
-0.387341
-0.384625
-0.381878
-0.379070
-0.376232
-0.373424
-0.370739
0.274148
0.274239
0.274087
0.273598
0.272774
0.271493
0.269601
0.267159
0.264077
0.260445
-0.044435
-0.041017
-0.037690
-0.034455
-0.031220
-0.027863
-0.024262
-0.020386
-0.016266
-0.012055
0.016846
0.010437
0.004120
-0.002045
-0.008087
-0.013977
-0.019684
-0.025178
-0.030488
-0.035554
0.177770
0.173376
0.168828
0.164129
0.159337
0.154454
0.149602
0.144749
0.139988
0.135411
-0.083254
-0.078860
-0.074618
-0.070498
-0.066469
-0.062441
-0.058473
-0.054537
-0.050661
-0.046968
-0.337046
-0.338420
-0.339488
-0.340281
-0.340831
-0.341166
-0.341197
-0.340953
-0.340434
-0.339702
0.264718
0.267830
0.270730
0.273354
0.275704
0.277718
0.279427
0.280831
0.281930
0.282662
-0.082430
-0.083682
-0.084933
-0.086093
-0.087130
-0.087985
-0.088656
-0.089114
-0.089358
-0.089419
0.140202
0.132206
0.124210
0.116184
0.108066
0.099887
0.091708
0.083560
0.075442
0.067415
0.177435
0.177648
0.177618
0.177343
0.176794
0.175878
0.174596
0.172979
0.171117
0.169042
-0.222877
-0.216285
-0.209662
-0.202918
-0.195959
-0.188879
-0.181768
-0.174718
-0.167791
-0.161016
-0.181616
-0.188330
-0.194555
-0.200385
-0.205786
-0.210852
-0.215552
-0.219977
-0.224097
-0.227912
0.174993
0.179357
0.183599
0.187689
0.191717
0.195715
0.199652
0.203497
0.207251
0.210913
-0.058901
-0.063295
-0.067598
-0.071810
-0.075991
-0.080233
-0.084597
-0.088900
-0.092959
-0.096652
0.230354
0.227271
0.223640
0.219581
0.215369
0.211188
0.207007
0.202704
0.198035
0.192846
0.093173
0.098209
0.103122
0.107883
0.112522
0.116977
0.121250
0.125340
0.129307
0.133122
-0.355632
-0.351085
-0.346202
-0.340922
-0.335276
-0.329264
-0.322886
-0.316141
-0.309000
-0.301553
0.046541
0.037355
0.028291
0.019410
0.010743
0.002289
-0.005921
-0.013794
-0.021332
-0.028657
0.066652
0.070803
0.074923
0.079134
0.083499
0.087863
0.092044
0.095981
0.099643
0.103153
-0.004273
-0.008118
-0.012116
-0.016327
-0.020661
-0.025086
-0.029511
-0.033906
-0.038392
-0.043031
0.210486
0.213355
0.216041
0.218543
0.220893
0.223090
0.225105
0.226936
0.228584
0.229987
-0.039003
-0.033479
-0.027772
-0.021882
-0.015778
-0.009369
-0.002716
0.004181
0.011231
0.018311
-0.387371
-0.389447
-0.390973
-0.391919
-0.392254
-0.392010
-0.391247
-0.390057
-0.388409
-0.386303
